0.125000
0.159668
0.232666
0.279663
0.306519
0.333984
0.402588
0.425903
0.431030
0.469238
0.532227
0.554321
0.571777
0.587524
0.618774
0.674805
0.680786
0.697388
0.723022
0.727295
0.727295
0.740234
0.748535
0.772827
0.777588
0.796753
0.797485
0.802612
0.809692
0.814331
0.833984
0.833984
0.851074
0.854004
0.878784
0.879517
0.905029
0.919067
0.920776
0.920776
0.938965
0.947021
0.956909
0.956909
0.960571
0.975586
0.976563
0.978516
0.983276
0.986206
0.991089
1.001953
1.007080
1.009033
1.012085
1.013184
1.016235
1.025635
1.030884
1.050415
1.052612
1.060425
1.068359
1.078735
1.079956
1.095337
1.098877
1.100098
1.121094
1.171021
1.180664
1.190430
1.201904
1.218018
1.237671
1.245361
1.259399
1.278809
1.293701
1.293701
1.305542
1.394653
1.424561
1.785767
1.862183
