0.125000
0.194214
0.204834
0.230835
0.258789
0.292847
0.362061
0.372192
0.388794
0.404907
0.419067
0.430054
0.455200
0.461304
0.462524
0.520264
0.543213
0.545532
0.575317
0.603516
0.604248
0.607910
0.611572
0.614258
0.646851
0.657837
0.657837
0.657837
0.689209
0.695923
0.699829
0.703735
0.732056
0.732056
0.750732
0.758179
0.773438
0.776367
0.783081
0.783081
0.784912
0.786133
0.788696
0.788696
0.794922
0.805786
0.828491
0.838867
0.846069
0.851074
0.852539
0.861328
0.861328
0.867310
0.868774
0.869507
0.871094
0.874146
0.874878
0.876465
0.876465
0.886475
0.892090
0.895264
0.895264
0.901733
0.904175
0.907471
0.908325
0.908325
0.913208
0.919922
0.923340
0.926758
0.938110
0.941650
0.947021
0.948730
0.951416
0.952393
0.954224
0.956909
0.960571
0.962524
0.965210
0.969971
0.975586
0.981323
0.984253
0.987183
0.987183
0.996948
0.999023
1.000977
1.000977
1.005981
1.009033
1.011108
1.014160
1.014160
1.017334
1.022461
1.025635
1.033081
1.039551
1.040527
1.041626
1.054810
1.058228
1.061523
1.068359
1.069458
1.074097
1.077637
1.091675
1.112305
1.113525
1.114868
1.117310
1.133789
1.135132
1.144165
1.145508
1.145508
1.148071
1.149414
1.156128
1.160034
1.166870
1.169556
1.179199
1.179199
1.186279
1.196167
1.199097
1.201904
1.201904
1.212158
1.225464
1.240723
1.248413
1.256226
1.273926
1.282104
1.283691
1.285400
1.293701
1.295288
1.296997
1.347656
1.351318
1.354980
1.356812
1.381226
1.383179
1.440918
1.477051
1.496948
1.496948
1.501465
1.505981
1.517456
1.562500
1.582275
1.594849
1.647461
1.686401
1.721191
1.733154
2.247192
