0.000000
0.075958
0.000000
0.159210
0.188324
0.120636
0.316284
0.285553
0.269867
0.286743
0.176819
0.330078
0.354187
0.368408
0.262939
0.371399
0.440674
0.237640
0.418732
0.555573
0.441620
0.482391
0.466156
0.411377
0.560760
0.000000
0.341614
0.397034
0.574829
0.621155
0.495392
0.000000
0.000000
0.370178
0.408478
0.544250
0.637054
0.671265
0.000000
0.557770
0.650665
0.419250
0.582703
0.622162
0.000000
0.641113
0.000000
0.696014
0.485229
0.000000
0.548981
0.679291
0.744476
0.706116
0.730835
0.701813
0.689819
0.791687
0.800964
0.772736
0.806366
0.734283
0.831512
0.000000
0.780396
0.729919
0.791321
0.805908
0.581329
0.834869
0.748840
0.000000
0.765778
0.871246
0.000000
0.695587
0.783051
0.896515
0.923950
0.799500
0.687286
0.882538
0.835693
0.920471
0.000000
0.739655
0.917419
0.664154
0.943512
0.000000
0.954712
0.898224
0.818512
0.874481
0.956024
0.939911
0.957916
0.986389
0.969238
0.971375
0.822021
0.951538
0.942230
0.850616
0.928619
0.947571
0.000000
0.973877
0.964691
0.963287
0.779938
0.956940
0.000000
0.901367
0.884552
0.823486
0.963959
0.941040
0.950104
0.922943
0.938171
0.979309
0.000000
0.943054
0.000000
0.916351
0.886292
0.000000
0.969116
0.749298
0.782349
0.930817
0.000000
0.903839
0.935333
0.000000
0.893372
0.928192
0.838623
0.952545
0.858978
0.933838
0.965942
0.887085
0.000000
0.871918
0.876770
0.958923
0.862335
0.756744
0.000000
0.000000
0.000000
0.674591
0.849976
0.000000
0.000000
0.738953
0.752014
0.711212
0.000000
0.000000
0.698334
0.659210
0.000000
0.782776
0.000000
0.953766
0.767334
0.549255
