1
0.999939
0.999695
0.999329
0.998779
0.998108
0.997314
0.996338
0.995178
0.993896
0.992493
0.990906
0.989197
0.987305
0.985291
0.983093
0.980774
0.978333
0.975708
0.972961
0.970032
0.96698
0.963806
0.960449
0.95697
0.953308
0.949524
0.945618
0.941528
0.937317
0.932983
0.928528
0.923889
0.919128
0.914185
0.90918
0.903992
0.898682
0.89325
0.887634
0.881897
0.876099
0.870117
0.863953
0.857727
0.851379
0.844849
0.838196
0.831482
0.824585
0.817566
0.810486
0.803223
0.795837
0.78833
0.780762
0.77301
0.765198
0.757202
0.749146
0.740967
0.732666
0.724243
0.715759
0.707092
0.698364
0.689514
0.680603
0.67157
0.662415
0.653198
0.64386
0.634399
0.624878
0.615234
0.60553
0.595703
0.585815
0.575806
0.565735
0.555542
0.545349
0.534973
0.524597
0.514099
0.50354
0.49292
0.482178
0.471375
0.46051
0.449585
0.438599
0.427551
0.416443
0.405212
0.393982
0.38269
0.371338
0.359924
0.348389
0.336914
0.325317
0.31366
0.302002
0.290283
0.278503
0.266724
0.254883
0.242981
0.231079
0.219116
0.207092
0.195068
0.183044
0.170959
0.158875
0.146729
0.134583
0.122437
0.110229
0.0980225
0.0858154
0.0735474
0.0613403
0.0490723
0.0368042
0.0245361
0.0122681
0
-0.0122681
-0.0245361
-0.0368042
-0.0490723
-0.0613403
-0.0735474
-0.0858154
-0.0980225
-0.110229
-0.122437
-0.134583
-0.146729
-0.158875
-0.170959
-0.183044
-0.195068
-0.207092
-0.219116
-0.231079
-0.242981
-0.254883
-0.266724
-0.278503
-0.290283
-0.302002
-0.31366
-0.325317
-0.336914
-0.348389
-0.359924
-0.371338
-0.38269
-0.393982
-0.405212
-0.416443
-0.427551
-0.438599
-0.449585
-0.46051
-0.471375
-0.482178
-0.49292
-0.50354
-0.514099
-0.524597
-0.534973
-0.545349
-0.555542
-0.565735
-0.575806
-0.585815
-0.595703
-0.60553
-0.615234
-0.624878
-0.634399
-0.64386
-0.653198
-0.662415
-0.67157
-0.680603
-0.689514
-0.698364
-0.707092
-0.715759
-0.724243
-0.732666
-0.740967
-0.749146
-0.757202
-0.765198
-0.77301
-0.780762
-0.78833
-0.795837
-0.803223
-0.810486
-0.817566
-0.824585
-0.831482
-0.838196
-0.844849
-0.851379
-0.857727
-0.863953
-0.870117
-0.876099
-0.881897
-0.887634
-0.89325
-0.898682
-0.903992
-0.90918
-0.914185
-0.919128
-0.923889
-0.928528
-0.932983
-0.937317
-0.941528
-0.945618
-0.949524
-0.953308
-0.95697
-0.960449
-0.963806
-0.96698
-0.970032
-0.972961
-0.975708
-0.978333
-0.980774
-0.983093
-0.985291
-0.987305
-0.989197
-0.990906
-0.992493
-0.993896
-0.995178
-0.996338
-0.997314
-0.998108
-0.998779
-0.999329
-0.999695
-0.999939
-1
-0.999939
-0.999695
-0.999329
-0.998779
-0.998108
-0.997314
-0.996338
-0.995178
-0.993896
-0.992493
-0.990906
-0.989197
-0.987305
-0.985291
-0.983093
-0.980774
-0.978333
-0.975708
-0.972961
-0.970032
-0.96698
-0.963806
-0.960449
-0.95697
-0.953308
-0.949524
-0.945618
-0.941528
-0.937317
-0.932983
-0.928528
-0.923889
-0.919128
-0.914185
-0.90918
-0.903992
-0.898682
-0.89325
-0.887634
-0.881897
-0.876099
-0.870117
-0.863953
-0.857727
-0.851379
-0.844849
-0.838196
-0.831482
-0.824585
-0.817566
-0.810486
-0.803223
-0.795837
-0.78833
-0.780762
-0.77301
-0.765198
-0.757202
-0.749146
-0.740967
-0.732666
-0.724243
-0.715759
-0.707092
-0.698364
-0.689514
-0.680603
-0.67157
-0.662415
-0.653198
-0.64386
-0.634399
-0.624878
-0.615234
-0.60553
-0.595703
-0.585815
-0.575806
-0.565735
-0.555542
-0.545349
-0.534973
-0.524597
-0.514099
-0.50354
-0.49292
-0.482178
-0.471375
-0.46051
-0.449585
-0.438599
-0.427551
-0.416443
-0.405212
-0.393982
-0.38269
-0.371338
-0.359924
-0.348389
-0.336914
-0.325317
-0.31366
-0.302002
-0.290283
-0.278503
-0.266724
-0.254883
-0.242981
-0.231079
-0.219116
-0.207092
-0.195068
-0.183044
-0.170959
-0.158875
-0.146729
-0.134583
-0.122437
-0.110229
-0.0980225
-0.0858154
-0.0735474
-0.0613403
-0.0490723
-0.0368042
-0.0245361
-0.0122681
0
0.0122681
0.0245361
0.0368042
0.0490723
0.0613403
0.0735474
0.0858154
0.0980225
0.110229
0.122437
0.134583
0.146729
0.158875
0.170959
0.183044
0.195068
0.207092
0.219116
0.231079
0.242981
0.254883
0.266724
0.278503
0.290283
0.302002
0.31366
0.325317
0.336914
0.348389
0.359924
0.371338
0.38269
0.393982
0.405212
0.416443
0.427551
0.438599
0.449585
0.46051
0.471375
0.482178
0.49292
0.50354
0.514099
0.524597
0.534973
0.545349
0.555542
0.565735
0.575806
0.585815
0.595703
0.60553
0.615234
0.624878
0.634399
0.64386
0.653198
0.662415
0.67157
0.680603
0.689514
0.698364
0.707092
0.715759
0.724243
0.732666
0.740967
0.749146
0.757202
0.765198
0.77301
0.780762
0.78833
0.795837
0.803223
0.810486
0.817566
0.824585
0.831482
0.838196
0.844849
0.851379
0.857727
0.863953
0.870117
0.876099
0.881897
0.887634
0.89325
0.898682
0.903992
0.90918
0.914185
0.919128
0.923889
0.928528
0.932983
0.937317
0.941528
0.945618
0.949524
0.953308
0.95697
0.960449
0.963806
0.96698
0.970032
0.972961
0.975708
0.978333
0.980774
0.983093
0.985291
0.987305
0.989197
0.990906
0.992493
0.993896
0.995178
0.996338
0.997314
0.998108
0.998779
0.999329
0.999695
0.999939
