  0.080000,
  0.080283,
  0.081133,
  0.082548,
  0.084527,
  0.087067,
  0.090164,
  0.093816,
  0.098018,
  0.102764,
  0.108049,
  0.113866,
  0.120208,
  0.127067,
  0.134435,
  0.142303,
  0.150660,
  0.159498,
  0.168804,
  0.178567,
  0.188775,
  0.199417,
  0.210478,
  0.221944,
  0.233803,
  0.246039,
  0.258637,
  0.271582,
  0.284857,
  0.298447,
  0.312335,
  0.326502,
  0.340933,
  0.355609,
  0.370513,
  0.385625,
  0.400927,
  0.416401,
  0.432026,
  0.447785,
  0.463658,
  0.479624,
  0.495665,
  0.511761,
  0.527891,
  0.544037,
  0.560177,
  0.576292,
  0.592363,
  0.608369,
  0.624291,
  0.640109,
  0.655804,
  0.671356,
  0.686747,
  0.701956,
  0.716966,
  0.731758,
  0.746314,
  0.760616,
  0.774645,
  0.788386,
  0.801821,
  0.814933,
  0.827706,
  0.840125,
  0.852174,
  0.863839,
  0.875104,
  0.885957,
  0.896384,
  0.906371,
  0.915907,
  0.924980,
  0.933579,
  0.941693,
  0.949312,
  0.956426,
  0.963028,
  0.969109,
  0.974660,
  0.979677,
  0.984151,
  0.988079,
  0.991454,
  0.994273,
  0.996533,
  0.998230,
  0.999363,
  0.999929,
  0.999929,
  0.999363,
  0.998230,
  0.996533,
  0.994273,
  0.991454,
  0.988079,
  0.984151,
  0.979677,
  0.974660,
  0.969109,
  0.963028,
  0.956427,
  0.949312,
  0.941693,
  0.933579,
  0.924980,
  0.915907,
  0.906371,
  0.896384,
  0.885957,
  0.875104,
  0.863839,
  0.852174,
  0.840125,
  0.827706,
  0.814933,
  0.801821,
  0.788386,
  0.774645,
  0.760616,
  0.746314,
  0.731758,
  0.716966,
  0.701956,
  0.686747,
  0.671356,
  0.655804,
  0.640110,
  0.624291,
  0.608369,
  0.592363,
  0.576292,
  0.560177,
  0.544037,
  0.527891,
  0.511761,
  0.495665,
  0.479624,
  0.463658,
  0.447785,
  0.432027,
  0.416401,
  0.400927,
  0.385625,
  0.370513,
  0.355609,
  0.340933,
  0.326502,
  0.312335,
  0.298447,
  0.284857,
  0.271582,
  0.258637,
  0.246039,
  0.233803,
  0.221945,
  0.210478,
  0.199417,
  0.188775,
  0.178567,
  0.168804,
  0.159498,
  0.150660,
  0.142303,
  0.134435,
  0.127067,
  0.120208,
  0.113866,
  0.108049,
  0.102764,
  0.098018,
  0.093816,
  0.090164,
  0.087067,
  0.084527,
  0.082548,
  0.081133,
  0.080283,
  0.080000
