Inf
0
Inf
 0
 1
 0
 0
 1
-1
 1
 0
-1
 2
-2
 0
 1
 0
 0
-1
 0
 0
 0
 1
 0
-1
-1
 1
-1
 1
-2
 1
-1
Inf
 0
 0
 1
 1
 0
 1
 1
-1
 1
-1
-1
-1
 0
Inf
-2
 0
 1
 0
-1
 1
 1
 0
 1
 2
-1
 0
 1
 0
 0
 0
Inf
-1
 1
 1
 2
-1
 1
-1
Inf
-1
 0
 1
 0
-1
 0
 0
 0
 1
-1
 0
 1
-1
 0
-1
 0
 1
Inf
 0
 0
 1
 1
 0
 2
 1
 0
 1
-2
 0
-1
 1
 0
-1
 1
 0
 0
 1
 0
 0
 0
Inf
 1
 1
-1
-1
 2
-2
 0
-1
-1
Inf
 2
Inf
 0
 0
Inf
 0
 0
 0
-2
Inf
-1
 0
Inf
 0
 2
 0
 0
-1
 0
 1
 2
Inf
 1
 1
 1
 0
 0
Inf
 0
Inf
 0
 0
Inf
Inf
-1
 0
 0
Inf
Inf
 1
 0
Inf
 2
Inf
-2,
-2
 0
