  0.0000000000000000e+000
  6.1035156250000000e-005
  1.2207031250000000e-004
  1.8310546875000000e-004
  2.4414062500000000e-004
  3.0517578125000000e-004
  3.6621093750000000e-004
  4.2724609375000000e-004
  4.8828125000000000e-004
  5.4931640625000000e-004
  6.1035156250000000e-004
  6.7138671875000000e-004
  7.3242187500000000e-004
  7.9345703125000000e-004
  8.5449218750000000e-004
  9.1552734375000000e-004
  9.7656250000000000e-004
  1.0986328125000000e-003
  1.2207031250000000e-003
  1.3427734375000000e-003
  1.4648437500000000e-003
  1.5869140625000000e-003
  1.7089843750000000e-003
  1.8310546875000000e-003
  1.9531250000000000e-003
  2.0751953125000000e-003
  2.1972656250000000e-003
  2.3193359375000000e-003
  2.4414062500000000e-003
  2.5634765625000000e-003
  2.6855468750000000e-003
  2.8076171875000000e-003
  2.9296875000000000e-003
  3.1738281250000000e-003
  3.4179687500000000e-003
  3.6621093750000000e-003
  3.9062500000000000e-003
  4.1503906250000000e-003
  4.3945312500000000e-003
  4.6386718750000000e-003
  4.8828125000000000e-003
  5.1269531250000000e-003
  5.3710937500000000e-003
  5.6152343750000000e-003
  5.8593750000000000e-003
  6.1035156250000000e-003
  6.3476562500000000e-003
  6.5917968750000000e-003
  6.8359375000000000e-003
  7.0800781250000000e-003
  7.3242187500000000e-003
  7.5683593750000000e-003
  7.8125000000000000e-003
  8.0566406250000000e-003
  8.3007812500000000e-003
  8.5449218750000000e-003
  8.7890625000000000e-003
  9.0332031250000000e-003
  9.2773437500000000e-003
  9.5214843750000000e-003
  9.7656250000000000e-003
  1.0009765625000000e-002
  1.0253906250000000e-002
  1.0498046875000000e-002
