  3.0517578125222045e-005
  9.1552734375000000e-005
  1.5258789062522204e-004
  2.1362304687500000e-004
  2.7465820312522204e-004
  3.3569335937500000e-004
  3.9672851562522204e-004
  4.5776367187500000e-004
  5.1879882812522204e-004
  5.7983398437500000e-004
  6.4086914062522204e-004
  7.0190429687500000e-004
  7.6293945312522204e-004
  8.2397460937500000e-004
  8.8500976562522204e-004
  9.4604492187500000e-004
  1.0375976562502220e-003
  1.1596679687500000e-003
  1.2817382812502220e-003
  1.4038085937500000e-003
  1.5258789062502220e-003
  1.6479492187500000e-003
  1.7700195312502220e-003
  1.8920898437500000e-003
  2.0141601562502220e-003
  2.1362304687500000e-003
  2.2583007812502220e-003
  2.3803710937500000e-003
  2.5024414062502220e-003
  2.6245117187500000e-003
  2.7465820312502220e-003
  2.8686523437500000e-003
  3.0517578125002220e-003
  3.2958984375000000e-003
  3.5400390625002220e-003
  3.7841796875000000e-003
  4.0283203125002220e-003
  4.2724609375000000e-003
  4.5166015625002220e-003
  4.7607421875000000e-003
  5.0048828125002220e-003
  5.2490234375000000e-003
  5.4931640625002220e-003
  5.7373046875000000e-003
  5.9814453125002220e-003
  6.2255859375000000e-003
  6.4697265625002220e-003
  6.7138671875000000e-003
  6.9580078125002220e-003
  7.2021484375000000e-003
  7.4462890625002220e-003
  7.6904296875000000e-003
  7.9345703125002220e-003
  8.1787109375000000e-003
  8.4228515625002220e-003
  8.6669921875000000e-003
  8.9111328125002220e-003
  9.1552734375000000e-003
  9.3994140625002220e-003
  9.6435546875000000e-003
  9.8876953125002220e-003
  1.0131835937500000e-002
  1.0375976562500222e-002
