  6.1035156250000000e-005
  1.2207031250000000e-004
  1.8310546875000000e-004
  2.4414062500000000e-004
  3.6621093750000000e-004
  5.4931640625000000e-004
  7.9345703125000000e-004
  1.0986328125000000e-003
  1.5869140625000000e-003
  2.3193359375000000e-003
  3.3569335937500000e-003
  4.8828125000000000e-003
  7.0190429687500000e-003
  1.0131835937500000e-002
  1.4648437500000000e-002
  2.1240234375000000e-002
  3.0639648437500000e-002
  4.4311523437500000e-002
  6.4086914062500000e-002
  9.2590332031250000e-002
  1.3385009765625000e-001
  1.9348144531250000e-001
  2.7966308593750000e-001
  4.0423583984375000e-001
