    0,  0,  0,
    -2.10938,  -10.7188,  -8.0625,
    -4.22656,  -12.8906,  -10.7969,
    -5.64844,  -15.7109,  -17.2891,
    -7.35156,  -8.76562,  -15.1719,
    -6.09375,  -8.94531,  -19.1719,
    -6.90625,  -10.2266,  -10.7266,
    -8.21094,  -11.8984,  -13.7969,
    -8.46094,  -12.6719,  -17.9688,
    -6.07031,  -10.7578,  -16.7734,
    -7.30469,  -11.4609,  -21.5859,
    -6.26562,  -10.3672,  -27.1172,
    -7.30469,  -15.3047,  -31.2422,
    -1.875,  -0.695312,  1.73438,
    -5.16406,  -2.00781,  -1.25,
    -7.76562,  -3.64062,  -3.27344,
    -1.46875,  -1.28125,  -2.17188,
    -2.67188,  -4,  -3.24219,
    -4.74219,  -3.99219,  -6.22656,
     0.125,  0.148438,  -5.59375,
     2.92188,  3.32031,  -7.59375,
    -2.70312,  1.91406,  -2.20312,
    -2.07031,  3.95312,  -5.89062,
    -4.84375,  -1.14844,  15.2734,
    -5.79688,  -6.71875,  20.2891,
    -1.17188,  -2.75,  21.125,
     2.38281,  6.875,  15.2656,
     0.960938,  5.71094,  21.6094,
    -2.71875,  5.97656,  25.9922,
     4.82812,  1.72656,  25.4531,
    -1.39062,  -0.367188,  32.9609,
     3.07031,  10.1875,  30.0156,
     5.45312,  13.2969,  37.5078,
     0.492188,  -4.5625,  9.60156,
    -1.67969,  -5.71875,  13.3125,
     1.34375,  -2.61719,  14.9141,
    -0.015625,  1.6875,  14.0391,
     2.75781,  0.992188,  17.2266,
    -9.4375,  1.46875,  0.0859375,
    -4.00781,  -0.585938,  -5.33594,
    -7.60156,  1.73438,  -5.04688,
    -4.8125,  -6.58594,  -3.03125,
    -7.42188,  -8.69531,  -2.80469,
    -11.1797,  -4.86719,  -5.50781,
    -10.9219,  -8.30469,  -1.39062,
    -0.351562,  -3.60156,  0.273438,
    -0.0703125,  -5.13281,  -1.6875,
     0.992188,  -8.42188,  0.742188,
    -7.42188,  -9.03125,  4.5625,
    -11.5625,  -11.6719,  3.50781,
    -0.9375,  -5.50781,  4.03125,
    -2.875,  -7.50781,  5.67969,
    -2.95312,  -4.10938,  7.60156,
    -6.19531,  -4.79688,  5.28125,
    -6.25781,  -5.89844,  10.0547,
    -11.5312,  -2.65625,  12.7812,
    -3.94531,  -9.79688,  12.0547,
    -9.71094,  -12.6719,  11.9688,
    -6.0625,  -11.5391,  -5.11719,
    -8.99219,  -10.125,  -6.42969,
    -9.00781,  -13.0625,  -8.78125,
    -10.0859,  -15.6484,  -13.2969,
    -4.85938,  -10.0234,  0.445312,
    -3.67969,  -12.5859,  3.97656,
    -8.28125,  -12.2656,  -1.08594,
    -6.82031,  -16.8438,  -4.1875,
    -13.4062,  -15.7891,  -2.84375,
    -16.7969,  -25.1406,  -10.0859,
    -9.75,  -15.1953,  -22.6875,
    -9.49219,  -20.5703,  -22.3047,
     1.30469,  -1.90625,  0.65625,
     2.72656,  -3.21875,  -1.69531,
    -0.3125,  -2.75,  4.9375,
     1.77344,  -4.13281,  3.16406,
     0.53125,  -2.99219,  -3.46094,
     1.30469,  -4.35938,  -5.51562,
    -2.14844,  -6.67188,  -0.109375,
    -2.74219,  -8.50781,  -3.50781,
     2.66406,  -0.5625,  -2.25781,
     4.71094,  -0.828125,  -3.70312,
     2.51562,  -1.71094,  -5.07031,
     1.39844,  -2.47656,  -7.79688,
     3.51562,  -2.27344,  -7.78125,
     4.33594,  1.52344,  -4.10156,
     6.125,  2.125,  -6.49219,
    -1.15625,  -3,  -6.63281,
     0.640625,  -4.1875,  -10.6016,
     1.85938,  -1.34375,  -10.5781,
     3.29688,  -2.09375,  -14.3828,
     2.32031,  -5.75781,  -16.2422,
    -0.867188,  -6.25781,  -4.67188,
     0.0078125,  -5.21875,  -7.6875,
    -1.02344,  -6.39062,  -10.1484,
    -2.57031,  -4.07031,  -10.2344,
    -1.17969,  -6.07812,  -14.3281,
    -0.726562,  -2.75,  -13.6406,
    -4.4375,  -5,  -14.2266,
    -3.97656,  -7.35156,  -17.0547,
     3.625,  -6.36719,  -9.76562,
     0.617188,  -8.85156,  -12.4766,
    -1.4375,  -10.5703,  -16.5859,
    -1.53125,  -3.20312,  -18.9609,
    -1.5,  -6.50781,  -21.9531,
    -2.02344,  -10.7969,  -23.7891,
    -1.69531,  0.03125,  -9.10938,
    -6.25,  -2.53906,  -9.52344,
    -2.83594,  -6.48438,  -7.01562,
    -5.16406,  -8.85938,  -7.5,
    -3.01562,  -7.65625,  -11.7266,
    -4.89844,  -9.05469,  -13.4531,
    -7.05469,  -6.47656,  -6.67969,
    -5.35156,  -6.47656,  -10.2578,
    -8.32031,  -7.49219,  -10.9766,
     3.44531,  0.195312,  -6.61719,
     5.11719,  -0.210938,  -9.22656,
     9.05469,  -0.859375,  -5.50781,
     6.6875,  1.97656,  -13.0547,
     3.24219,  3.15625,  -0.0078125,
     2.51562,  7.05469,  -3.10938,
     5.23438,  3.89844,  -2.28125,
     6.27344,  4.61719,  -4.76562,
     8.9375,  4.61719,  -6.35938,
     5.60156,  1.42969,  3.07031,
     6.69531,  2.97656,  0.828125,
     4.75781,  0.484375,  -0.210938,
     6.1875,  1.54688,  -2.53906,
     5.74219,  6.28906,  0.6875,
     8.92188,  6.34375,  0.609375,
     8.03125,  2.85938,  -2.28125,
     10.2266,  5.80469,  -1.85156,
     12.6172,  4.60156,  -0.617188,
     7.89062,  4.99219,  -1.89844,
     7.80469,  7.53125,  -2.42969,
     11.7188,  8.88281,  -4.80469,
     7.71875,  2.78906,  5.04688,
     9.58594,  5.21094,  5.33594,
     9.09375,  12.2266,  6.98438,
     10.875,  15.7422,  3.72656,
     8.89062,  4.16406,  1.95312,
     11.2266,  7,  3.05469,
     13.7891,  8.73438,  0.773438,
     8.6875,  8.51562,  6.26562,
     12.4688,  6.60938,  8.85938,
     7.32031,  9.07031,  2.17969,
     13.4297,  9.79688,  5.33594,
     10.4531,  8.48438,  0.273438,
     11.0859,  10.3438,  3.34375,
     11.1562,  11.9062,  0.3125,
     16.4688,  12.4531,  0.695312,
     7.92969,  4.25,  9.54688,
     8.75781,  7.22656,  9.86719,
     8.04688,  10.2969,  11.6016,
     10.1172,  6.16406,  14.1953,
     10.3359,  9.9375,  14.9141,
     13.4688,  9.66406,  14.0859,
     14.0391,  13.1953,  6.70312,
     16.7891,  10.6797,  10.1641,
     17.9844,  14.5859,  5.94531,
     22.3672,  18.3672,  8.22656,
     0.40625,  1.27344,  -0.59375,
     1.79688,  2.41406,  -3.84375,
    -0.554688,  4.83594,  0.304688,
    -1.70312,  6.6875,  3.89844,
    -5.10938,  5.75,  -1.61719,
    -4.17969,  9.83594,  1.21094,
    -3.75,  11.5312,  5.02344,
     2.04688,  8.44531,  0.796875,
     2.41406,  12.4375,  -1.42188,
     4.89844,  12.7266,  4.17188,
     2.63281,  5.02344,  3.5625,
     5.92188,  5.23438,  5.57031,
     1.57812,  8.79688,  5.14062,
     4.78125,  8.83594,  5.20312,
     5.35938,  9.55469,  8.875,
    -1.02344,  2.94531,  4.10156,
     0.328125,  5.53125,  7.08594,
     0.679688,  11.625,  8.08594,
     3.375,  16.5391,  7.0625,
     1.07031,  7.66406,  10.4062,
    -3.49219,  7.92188,  8.875,
    -6.55469,  14.0078,  9.73438,
    -4.36719,  2.32031,  1.54688,
    -6.64062,  5.35156,  3.48438,
    -9.94531,  4.9375,  6.45312,
    -3.13281,  -4.25,  1.35156,
    -5.88281,  -6.19531,  1.125,
    -3.40625,  -0.0703125,  6.03125,
    -0.898438,  -1.89844,  10.2344,
    -5.23438,  -2.10156,  2.92188,
    -8.02344,  -0.101562,  4.99219,
    -6.92969,  -0.632812,  8.88281,
    -9.97656,  -3.55469,  1.23438,
    -11.0234,  -5.625,  5.75,
     1.34375,  0.6875,  3.14844,
     3.01562,  1.99219,  5.90625,
    -3.90625,  4.07812,  7.10938,
    -7.48438,  5.14844,  10.8438,
    -3.08594,  2.35156,  10.5,
    -2.78125,  6,  14.1641,
    -4.78906,  6.57031,  18.8984,
     3.47656,  -0.953125,  1.96875,
     4.91406,  -0.679688,  5.64844,
     2.21094,  -1.97656,  6.79688,
     3.5625,  -0.90625,  10.7891,
     5.91406,  1.40625,  8.27344,
     4.15625,  3.1875,  11.7891,
     7.39844,  2.25,  14.1094,
     10.3516,  7.76562,  19.7188,
     6.96875,  9.52344,  23.6172,
     10.9141,  12.4688,  26.6094,
     8.92969,  12.125,  19.8906,
     14.4531,  11.1953,  21.1719,
    -0.078125,  1.04688,  7.82812,
     1.20312,  3.89844,  10.3359,
     3.96875,  6.1875,  8.72656,
     3.97656,  10.4688,  12.625,
     5.95312,  6.73438,  12.5625,
     6.14844,  5.78125,  18.125,
     6.20312,  13.4922,  10.0234,
     3.63281,  16.4688,  12.9688,
    -0.9375,  11.3359,  12.6016,
    -3.01562,  15.75,  16.9453,
     6.96094,  9.57031,  16.0156,
     3.5625,  11.5625,  17.0703,
     11.6641,  10.0234,  9.44531,
     10.9141,  12.7812,  11.8594,
     13.875,  13.5781,  12.125,
     12.2812,  13.2656,  16.7266,
     10.8516,  16.6094,  9.92969,
     15.3047,  18.8516,  8.74219,
     10.6641,  22.5938,  11.7578,
     17.2344,  15.3984,  12.6797,
     16.2188,  15.2344,  17.8125,
     13.4141,  17.8984,  14.5859,
     18.4844,  19.6484,  15.2578,
     22.3828,  22.1719,  19.7031,
     19.8047,  27.0703,  15.7109,
     26.4141,  32.2422,  20.6094,
     6.53125,  20.8359,  17.8828,
     13.7578,  21.6641,  18.2578,
     11.0547,  25.9766,  22.7422,
     18.3906,  24.5156,  24.4219,
     20.7734,  32.75,  31.3281,
     8.1875,  13.9531,  14.2031,
     9.70312,  16.4922,  17.5,
     11.8125,  16.2422,  21.7188,
     12.2891,  19.4609,  24.5156,
     17.4219,  18.5703,  21.7344,
     3.25,  13.8516,  21.125,
     5.66406,  18.25,  25.7578,
     9.78125,  18.5391,  31.0781,
     16.3594,  17.7188,  27.875,
     15.7109,  21.1875,  35.375,
     10.4766,  27.3984,  30.2812,
     9.5,  30.6172,  38.4531,
     13.2266,  37.4453,  46.9688,
